5263.9 7950.24 1142.19
5245.65 7935.2 1137.58
5288.09 7966.92 1142.64
5256.88 7946.88 1138.1
5176.4 7891.05 1144.92
5198.8 7909.6 1143.75
5238.2 7933.93 1137.7
5302.15 7973.48 1136.66
5285.34 7959.82 1134.33
5265.39 7947.38 1138.58
5257.03 7941.99 1134.49
5256.21 7943.94 1141.15
5254.22 7941.55 1139.43
5175.88 7884.65 1145.17
5169.37 7880.66 1145.33
5260.53 7941.28 1135.44
5264.57 7947.87 1138.15
5248.51 7938.61 1143.43
5254.47 7935.79 1137.91
5274.72 7952.36 1136.91
5256.27 7939.42 1137.6
5258.95 7942.03 1135.05
5256.91 7942.22 1134.92
5200.43 7800.11 1162.01
5188.78 7896.37 1144.54
5181.57 7889.52 1143.83
5275.76 7955.37 1135.7
5299.06 7972.7 1137.54
5262.55 7947.32 1132.54
5262.95 7944.68 1128.32
5281.28 7961.07 1131.16
5238.13 7929.27 1132.63
5198.6 7902.78 1144.18
5269.47 7951.57 1136.8
5258.86 7944.22 1137.91
5254.63 7936.54 1132.02
5275.09 7870.26 1143.21
5296.68 7972.89 1143.81
5262.47 7943.48 1136.49
5294.44 7886.6 1138.51
5256.08 7851.36 1153.07
5184.48 7893.08 1148.95
5280.76 7955.0 1139.21
5200.36 7907.68 1149.6
5261.15 7942.9 1135.75
5210.68 7907.99 1146.21
5299.6 7969.63 1138.14
5266.83 7948.57 1140.25
5235.17 7920.83 1139.28
5170.04 7879.25 1152.84
5338.54 7924.71 1135.4
5314.52 7904.58 1137.98
5195.89 7900.2 1145.63
5276.64 7950.46 1136.19
5203.82 7901.85 1137.31
5264.0 7950.66 1140.03
5188.39 7893.46 1143.24
5312.51 7980.28 1141.27
5196.26 7896.18 1142.43
5195.66 7791.17 1158.94
5244.35 7931.5 1136.3
5265.7 7944.36 1135.16
5254.51 7934.14 1132.03
5250.0 7934.2 1135.62
5258.88 7941.79 1136.68
5272.44 7947.04 1132.93
5285.31 7958.58 1135.43
5274.58 7951.14 1140.29
5271.33 7946.72 1139.58
5268.15 7940.92 1135.82
5239.83 7922.6 1143.56
5193.65 7895.88 1147.31
5180.82 7883.11 1142.61
5339.47 7924.81 1129.83
5190.85 7787.58 1162.87
5272.61 7861.52 1146.96
5306.56 7969.16 1136.94
5232.2 7918.86 1133.35
5217.45 7812.69 1155.52
5304.96 7975.77 1134.82
5271.02 7949.66 1131.89
5268.64 7947.85 1133.45
5282.24 7959.82 1131.99
5155.72 7875.05 1136.4
5279.05 7956.4 1132.75
5304.66 7972.26 1127.46
5308.76 7979.82 1133.49
5250.77 7939.7 1134.62
5275.88 7959.2 1133.67
5329.58 7989.96 1134.16
5256.12 7937.87 1132.18
5252.48 7932.73 1128.21
5337.95 7974.69 1109.71
5267.67 7947.77 1130.24
5165.49 7875.23 1137.04
5288.41 7956.4 1128.48
5262.37 7940.29 1138.58
5201.62 7899.45 1144.95
5265.52 7944.67 1141.31
5276.32 7947.62 1133.33
5265.61 7941.21 1137.33
5165.58 7873.55 1142.7
5316.33 7978.24 1138.74
5259.75 7938.6 1135.24
5306.5 7894.28 1141.01
5196.43 7895.47 1145.65
5277.71 7948.14 1135.89
5206.47 7900.93 1139.92
5282.24 7954.78 1139.99
5269.91 7950.94 1139.86
5300.5 7971.99 1138.11
5288.74 7963.73 1146.89
5248.51 7929.49 1130.96
5124.96 7850.04 1145.2
5198.61 7895.37 1135.49
5267.81 7948.56 1136.52
5300.03 7970.41 1139.94
5253.97 7937.39 1135.61
5297.84 7966.45 1134.74
5179.0 7885.13 1143.43
5280.99 7957.87 1138.05
5283.4 7956.34 1131.55
5270.03 7954.71 1137.1
5305.33 7977.37 1134.34
5274.4 7956.82 1135.7
5265.75 7946.94 1133.1
5146.95 7868.99 1140.93
5281.92 7963.46 1136.91
5169.59 7882.31 1138.03
5268.52 7949.96 1134.36
5294.77 7969.84 1135.61
5295.47 7972.98 1143.94
5273.84 7956.76 1137.34
5304.5 7980.11 1142.5
5080.9 7823.88 1149.26
5311.97 7981.85 1143.01
5261.84 7948.86 1141.76
5265.26 7945.52 1131.9
5293.77 7964.85 1135.03
5260.42 7945.46 1136.52
4892.32 7710.29 1160.15
5268.62 7954.75 1138.89
5061.7 7817.14 1148.06
5261.06 7946.11 1136.54
5295.54 7971.27 1142.1
5296.07 7968.4 1134.24
5263.65 7943.16 1131.17
5256.72 7937.09 1131.75
5271.54 7954.55 1137.18
5267.94 7946.73 1131.84
5259.94 7853.75 1146.57
5134.54 7858.25 1143.93
5212.02 7911.52 1145.83
5299.8 7968.4 1133.58
5299.89 7968.74 1138.63
5261.14 7943.74 1136.99
5246.74 7926.4 1132.85
5263.3 7945.86 1138.74
5167.73 7875.96 1144.98
5278.83 7953.61 1136.17
5167.31 7881.92 1144.56
5250.5 7937.67 1138.7
5209.72 7907.62 1142.58
5302.14 7969.6 1137.97
5297.8 7966.99 1136.58
5231.64 7923.73 1136.53
5178.08 7887.75 1145.17
5272.57 7950.03 1136.81
5270.38 7948.52 1137.43
5269.49 7943.53 1128.55
5301.13 7967.86 1132.35
5306.42 7970.3 1131.71
5186.18 7891.33 1140.59
5248.95 7935.04 1136.72
5176.1 7884.49 1144.77
5164.83 7877.19 1146.14
5191.13 7896.29 1143.91
5328.67 7986.65 1134.01
5127.96 7852.84 1146.62
5267.8 7945.31 1134.05
5285.95 7964.16 1140.52
5157.61 7871.89 1145.09
5275.55 7868.25 1145.52
5187.57 7893.11 1144.61
5266.07 7948.74 1140.05
5257.31 7938.85 1136.28
5293.03 7965.43 1139.38
5295.64 7972.34 1149.17
5296.84 7966.7 1138.42
5299.68 7975.46 1149.62
5276.13 7868.71 1144.1
5275.01 7953.74 1142.32
5259.36 7941.74 1139.01
5266.83 7860.48 1147.2
5301.46 7969.9 1138.93
5171.49 7882.92 1151.58
5218.28 7916.35 1151.96
5262.43 7942.67 1135.56
5306.26 7976.5 1144.3
5299.51 7971.79 1144.98
5262.04 7948.71 1139.33
5278.04 7956.44 1140.46
5268.72 7945.35 1136.73
5258.73 7941.21 1138.52
5273.1 7954.6 1143.54
5279.07 7955.86 1137.71
5270.33 7947.96 1132.83
5262.36 7942.68 1133.58
5243.83 7931.45 1134.29
5286.61 7963.17 1137.3
5313.25 7982.28 1141.22
5199.39 7798.55 1169.55
5202.97 7802.89 1167.15
5262.54 7943.5 1135.91
5262.27 7946.99 1138.12
5216.47 7823.31 1161.13
